# id	left	top	right	bottom	texture_id
[SPRITES]
#smoke
170010	542	19	559	37	20
170011	559	19	574	37	20
170012	574	19	589	37	20
#score 100,200,400,800,1000,2000,4000,8000
170014	458	223	468	230	20
170015	458	232	468	239	20
170016	458	241	468	248	20
170017	458	250	468	257	20

170018	471	223	485	230	20
170019	471	232	485	239	20
170020	471	241	485	248	20
170021	471	250	485	257	20

#life up
170021	597	176	615	185	20
# ani_id	sprite1_id	time1	sprite2_id	time2	...
[ANIMATIONS]
#smoke
170000	170010	100	170011	100	170012	100
171001	170021	100
170100	170014	100
170200	170015	100
170400	170016	100
170800	170017	100
171000	170018	100
172000	170019	100
174000	170020	100
178000	170021	100