# id	left	top	right	bottom	texture_id
[SPRITES]
#WALK Right & left
211001	672	51	687	76	90
211002	656	51	671	77	90

211003	0	51	15	76	80
211004	16	51	31	77	80

#respwan
212001	32	64	47	79	80
#shell
213000	32	48	47	63	80

#shell moving
213001	48	48	63	63	80
213002	64	48	79	63	80
213003	80	48	95	63	80

# ani_id	sprite1_id	time1	sprite2_id	time2	...
[ANIMATIONS]
210000	211001	100
210010	211001	100	211002	100
210020	211003	100	211004	100

#respawn
210001	212001	100	213000	100
#shell
210002	213000	100
#moving shell
210003	213001	100	213002	100	213003	100	213000	100
