# id	left	top	right	bottom	texture_id
[SPRITES]
#HUD
200000	3	3	234	30	140
#black bg
200001	0	0	400	50	130
#The M symbol
200002	8	43	23	49	140
#LEVEL RUN
200003	3	33	10	40	140

200004	12	33	27	40	140
200005	104	10	119	17	140

#number 0,1,2,3,4,5,6,7,8,9
200010	33	32	40	39	140
200011	44	32	49	39	140
200012	53	32	60	39	140
200013	64	32	70	39	140
200014	73	32	80	39	140
200015	83	32	90	39	140
200016	93	32	100	39	140
200017	103	32	110	39	140
200018	113	32	120	39	140
200019	123	32	130	39	140

#card
200020	187	33	210	60	140
200021	211	33	234	60	140
200022	235	33	258	60	140
200023	163	33	186	60	140
# ani_id	sprite1_id	time1	sprite2_id	time2	...
[ANIMATIONS]
#hud
200000	200000	100
#black bg
200001	200001	100
#The M symbol
200002	200002	100
#LEVEL RUN
200003	200003	100
200004	200004	200	200005	200

#number 0,1,2,3,4,5,6,7,8,9
200010	200010	100
200011	200011	100
200012	200012	100
200013	200013	100
200014	200014	100
200015	200015	100
200016	200016	100
200017	200017	100
200018	200018	100
200019	200019	100

#card
200020	200020	100
200021	200021	100
200022	200022	100

