# id	left	top	right	bottom	texture_id
[SPRITES]
#WALK Right & left
131001	576	51	591	76	90
131002	560	51	575	77	90

131003	96	51	111	76	80
131004	112	51	127	77	80

#respwan & flip
132001	128	64	143	79	80

132011	128	778	143	793	100
#shell & flip
133000	128	48	143	63	80

133010	128	826	143	841	100

#shell moving & flip
133001	144	48	159	63	80
133002	160	48	175	63	80
133003	176	48	191	63	80

133011	144	826	159	841	100
133012	160	826	175	841	100
133013	176	826	191	841	100

# ani_id	sprite1_id	time1	sprite2_id	time2	...
[ANIMATIONS]
130000	131001	100
130010	131001	100	131002	100
130020	131003	100	131004	100

#respawn
130001	132001	100	133000	100

130011	132011	100	133010	100
#shell
130002	133000	100

130012	133010	100
#moving shell
130003	133001	100	133002	100	133003	100	133000	100

130013	133011	100	133012	100	133013	100	133010	100
