# id	left	top	right	bottom	texture_id
[SPRITES]
#####  BIG ###############
11112	292	113	307	136	160
11113	312	113	327	136	160
#IDLE
11121	246	154	259	181	0
11111	186	154	199	181	0

#WALKING RIGHT
11222	275	154	290	181	0
11223	304	154	321	181	0

#WALKING LEFT
11212	155	154	170	181	0
11213	125	154	140	181	0

#RUNNING RIGHT
11321	334	154	355	181	0
11322	362	154	380	181	0
11323	392	154	413	181	0

#RUNNING LEFT
11311	91	154	112	181	0
11312	65	154	86	181	0
11313	34	154	55	181	0

#JUMP WALK RIGHT
11417	395	275	412	302	0
11413	35	275	52	302	0

#JUMP RUN RIGHT & LEFT
11427	394	195	413	222	0
11423	35	195	52	222	0

#SIT RIGHT & LEFT 
11521	426	239	441	256	0
11511	5	239	20	256	0

#BRACE RIGHT & LEFT 
11621	425	154	442	181	0
11611	5	154	22	181	0

#KICKING BIG
11721	423	274	443	300	0
11711	2	274	22	300	0

#HOLDING RIGHT & LEFT
11821	276	314	290	340	0
11811	305	314	320	340	0
11851	336	234	349	260	0

11841	155	314	169	340	0
11831	124	314	140	340	0
11861	96	234	109	260	0

#USINGPIPE
11630	215	154	230	180	0
#DIE
13001	215	120	234	137	0

############ SMALL ################
#Mini mario world map
12112	252	116	265	131	160
12113	272	116	285	131	160

#IDLE
12121	247	0	260	15	0
12111	187	0	200	15	0

#WALK RIGHT
12222	275	0	292	15	0
12223	306	0	321	15	0

#WALK LEFT
12212	155	0	170	15	0
12213	125	0	140	15	0

#RUN RIGHT
12321	275	0	290	15	0
12322	306	0	321	15	0
12323	335	0	350	15	0

#RUN LEFT
12311	155	0	170	15	0
12312	125	0	140	15	0
12313	95	0	110	15	0

#BRACE RIGHT & LEFT
12511	6	0	19	15	0
12521	426	0	439	15	0

#JUMP WALK RIGHT & LEFT 
12413	35	80	50	95	0
12417	395	80	410	95	0

#JUMP RUN RIGHT & LEFT 
12423	65	40	80	55	0
12427	365	40	380	55	0

#HOLD RIGHT & LEFT
12623	246	120	259	135	0
12627	276	120	290	135	0

12624	186	120	199	135	0
12626	155	120	169	135	0
#KICKING RIGHT & LEFT
12723	425	80	440	95	0
12724	5	80	20	95	0

#USING PIPE
12530	216	0	229	14	0
########### TANOOKI ###########
13112	333	113	348	136	160
13113	354	113	369	136	160
#IDLE
13121	243	634	263	661	0
13111	182	634	202	661	0

#WALKING RIGHT
13222	272	634	293	661	0
13223	303	634	323	661	0

#WALKING LEFT
13212	152	634	173	661	0
13213	122	634	142	661	0

#RUNNING RIGHT
13321	331	634	354	661	0
13322	362	634	384	661	0
13323	393	634	413	660	0

#RUNNING LEFT
13311	91	634	114	661	0
13312	61	634	83	661	0
13313	32	634	52	660	0

#JUMP WALK RIGHT & LEFT
13417	391	754	415	780	0
13413	31	754	53	780	0

#JUMP RUN RIGHT & LEFT
13427	331	714	354	740	0
13423	91	714	114	740	0

#SIT RIGHT & LEFT 
13521	422	719	443	736	0
13511	2	719	23	736	0

#BRACE RIGHT & LEFT 
13621	425	634	440	662	0
13611	5	634	22	662	0

#HOLDING RIGHT & LEFT
13721	242	794	262	821	0
13741	272	794	293	821	0
13761	303	794	323	820	0

13711	182	794	203	821	0
13731	152	794	173	821	0
13751	122	794	142	820	0
#kick right & left
13850	422	754	443	781	0
13851	2	754	23	781	0
#Smoke
13860	455	19	470	34	20
13861	475	20	489	34	20
13862	491	21	504	34	20
13863	506	20	518	34	20

#fly up right & left
13901	361	754	384	780	0
13902	361	714	384	741	0

13903	61	754	84	780	0
13904	61	714	84	741	0

#falling with tail right & left
13905	302	874	323	901	0
13906	361	874	382	900	0

13907	122	874	143	901	0
13908	62	874	83	900	0

#tail attack right & left
13910	394	873	415	900	0
13911	35	872	55	899	0
#USING PIPE
13630	215	633	230	661	0
# ani_id	sprite1_id	time1	sprite2_id	time2	...
[ANIMATIONS]
1170	11112	100	11113	100
400	11121	100
401	11111	100

#WALKING RIGHT & LEFT 
500	11222	100	11121	100	11223	100
501	11212	100	11111	100	11213	100

#RUNNING RIGHT & LEFT
600	11222	50	11121	50	11223	50
601	11212	50	11111	50	11213	50

#RUNNING RIGHT & LEFT FAST
610	11322	30	11321	30	11323	30
611	11312	30	11311	30	11313	30

#JUMP WALK
700	11417	100
701	11413	100

#JUMP RUN
800	11427	100
801	11423	100

#SIT RIGHT & LEFT 
900	11521	100
901	11511	100

#BRACE RIGHT & LEFT 
1000	11621	100
1001	11611	100
#KICKING RIGHT& LEFT
221	11721	100
221	11711	100

#HOLDING RIGHT & LEFT
330	11851	100	11821	100	11811	100
331	11861	100	11841	100	11831	100
#hold idle
340	11851	100
341	11861	100

#kick right & left
220	11721	100
221	11711	100
#DIE
999	13001	100
#USING PIPE
1010	11630	100
################### SMALL #################
#mini mario world map
1160	12112	100	12113	100

1100	12121	100
1102	12111	100


#WALK LEFT & RIGHT 
1200	12121	100	12222	100	12223	100
1201	12111	100	12212	100	12213	100

#RUN LEFT & RIGHT
1300	12321	100	12322	100	12323	100
1301	12311	100	12312	100	12313	100

#Fast Running
1310	12321	50	12323	50
1311	12311	50	12313	50

#BRACE LEFT & RIGHT
1401	12511	100
1400	12521	100

#JUMP WALK
1500	12417	100
1501	12413	100

#JUMP RUN 
1601	12423	100
1600	12427	100

#HOLDING RIGHT & LEFT
1700	12623	100	12627	100
1701	12624	100	12626	100

#HOLDING IDLE RIGHT & LEFT
1710	12623	100
1711	12624	100

#KICKING RIGHT & LEFT
1800	12723	100
1801	12724	100

#change small to big right & left
1810	11121	100	12121	100
1811	11111	100	12111	100

#using PIPE
1410	12530	100
################ TANOOKI #######################
1180	13112	100	13113	100
2100	13121	100
2101	13111	100

#WALKING RIGHT & LEFT 
2200	13222	100	13121	100	13223	100
2201	13212	100	13111	100	13213	100

#RUNNING RIGHT & LEFT
2300	13222	50	13121	50	13223	50
2301	13212	50	13111	50	13213	50

#RUNNING RIGHT & LEFT FAST
2310	13322	35	13321	35	13323	35
2311	13312	35	13311	35	13313	35

#BRACE RIGHT & LEFT 
2400	13621	100
2401	13611	100

#JUMP WALK
2500	13417	100
2501	13413	100

#JUMP RUN
2600	13427	100
2601	13423	100

#SIT RIGHT & LEFT 
2700	13521	100
2701	13511	100

#HOLDING 
2800	13721	100	13741	100	13761	100
2801	13711	100	13731	100	13751	100

2880	13721	100
2881	13711	100
#kicking
2900	13850	100
2901	13851	100
#changing 
2120	13860	100	13861	100	13862	100	13863	100
2121	13860	100	13861	100	13862	100	13863	100

#falling right & left
2610	13905	100	13906	100
2611	13907	100	13908	100

#fly right & left
2620	13901	100	13902	100
2621	13903	100	13904	100
#USING PIPE
2410	13630	100
#TAIL ATTACKING RIGHT AND LEFT
2910	13910	150	13630	150	13911	150
2911	13911	150	13630	150	13910	150
