# list of object assets to load in this scene
[ASSETS]
mushroom.txt
mario.txt
goomba.txt
coin.txt
cloud.txt
brick.txt
questionbrick.txt
leaf.txt
ground.txt
colorblock.txt
background.txt
koopa.txt
fireball.txt
VenusFireTrap.txt
effect.txt
flygoomba.txt
P_Power.txt
BreakBrickPiece.txt
HUD.txt
#
[OBJECTS]
# type	x	y	extra_settings per object type
# type: 0 = Mario , 1 = Brick, 2 = Goomba, 3 = Koopas, 6 = QuestionBrick
# See OBJECT_TYPE constants in AssetIDs.h


# BG
#color block
8	300	140	16	15	3	111001	112001	113001
8	300	155	16	15	3	114001	115001	116001
8	300	170	16	15	3	117001	118001	119001

8	350	140	16	15	3	111000	112000	113000
8	350	155	16	15	3	114000	115000	116000
8	350	170	16	15	3	117000	118000	119000

8	400	140	16	15	3	111002	112002	113002
8	400	155	16	15	3	114002	115002	116002
8	400	170	16	15	3	117002	118002	119002

8	450	140	16	15	3	111003	112003	113003
8	450	155	16	15	3	114003	115003	116003
8	450	170	16	15	3	117003	118003	119003

8	350	120	16	15	4	120010	120011	120012

#bushes
8	500	140	16	15	5	120022	120023	120025
8	580	140	16	15	3	120026	120023	120024
8	500	124	16	15	2	120022	120023	120025
8	532	124	16	15	3	120026	120023	120024
8	580	124	16	15	3	120022	120025	120028
8	500	108	16	15	3	120027	120026	120024
8	548	108	16	15	2	120027	120023	120028
8	580	108	16	15	2	120027	120023	120028
8	516	92	16	15	2	120027	120023	120028
#floating
8	300	50	16	15	3	120030	120031	120032

# MARIO
0	120	10

#COIN
4	100	120	0
4	120	120	0
4	140	120	0
4	160	120	0
4	180	120	0


4	100	100	0
4	120	100	0
4	140	100	0
4	160	100	0
4	180	100	0

4	100	80	0
4	120	80	0
4	140	80	0
4	160	80	0
4	180	80	0


#QuestionBrick
6	100	120	0
6	120	120	0
6	200	120	1
6	250	120	2
6	230	120	3
6	270	120	1
6	300	120	4
1	286	120	1

#Platform
#5	140	140	16	15	26	51000	52000	53000
5	10	195	16	15	100	91000	92000	93000
5	120	150	16	15	3	54000	55000	56000

#Colorblock
7	350	138	16	15	11	101000	102000	103000
7	350	120	16	15	11	101000	102000	103000
7	350	100	16	15	11	101000	102000	103000
7	350	90	16	15	11	101000	102000	103000
7	350	50	16	15	11	101000	102000	103000
7	350	20	16	15	11	101000	102000	103000

13	300	130
3	550	130
#Portal 
50	200	160	216	180	1

