# list of object assets to load in this scene
[ASSETS]
mushroom.txt
mario.txt
goomba.txt
coin.txt
cloud.txt
brick.txt
questionbrick.txt
leaf.txt
ground.txt
colorblock.txt
background.txt
#
[OBJECTS]
# type	x	y	extra_settings per object type
# type: 0 = Mario , 1 = Brick, 2 = Goomba, 3 = Koopas, 6 = QuestionBrick
# See OBJECT_TYPE constants in AssetIDs.h


# BG 
#big bushes
8	24	180	16	15	5	120022	120023	120025
8	104	180	16	15	3	120026	120023	120024
8	24	164	16	15	2	120022	120023	120025
8	56	164	16	15	3	120026	120023	120024
8	104	164	16	15	3	120022	120025	120028
8	24	148	16	15	3	120027	120026	120024
8	72	148	16	15	2	120027	120023	120028
8	104	148	16	15	2	120027	120023	120028
8	40	132	16	15	2	120027	120023	120028

#small tree bushes
8	168	180	16	15	3	120010	120011	120012
8	680	164	16	15	6	120010	120011	120012
#colorblock
8	280	106	16	15	3	111001	112001	113001
8	280	122	16	15	3	114001	115001	116001
8	280	138	16	15	3	114001	115001	116001
8	280	154	16	15	3	114001	115001	116001
8	280	170	16	15	3	114001	115001	116001
8	280	179	16	15	3	117001	118001	119001

8	248	138	16	15	3	111000	112000	113000
8	248	154	16	15	3	114000	115000	116000
8	248	170	16	15	3	114000	115000	116000
8	248	179	16	15	3	117000	118000	119000

8	520	91	16	15	4	111003	112003	113003
8	520	107	16	15	4	114003	115003	116003
8	520	123	16	15	4	114003	115003	116003
8	520	139	16	15	4	114003	115003	116003
8	520	155	16	15	4	114003	115003	116003
8	520	170	16	15	4	114003	115003	116003
8	520	179	16	15	4	117003	118003	119003

8	472	123	16	15	4	111000	112000	113000
8	472	139	16	15	4	114000	115000	116000
8	472	155	16	15	4	114000	115000	116000
8	472	170	16	15	4	114000	115000	116000
8	472	179	16	15	4	117000	118000	119000

8	408	155	16	15	5	111002	112002	113002
8	408	170	16	15	5	114002	115002	116002
8	408	179	16	15	5	117002	118002	119002

8	520	170	16	15	6	111002	112002	113002
8	520	179	16	15	6	117002	118002	119002
#cloud
8	115	51	16	15	3	120033	120034	120035
8	115	67	16	15	3	120036	120037	120038

8	330	40	16	15	3	120033	120034	120035
8	330	56	16	15	3	120036	120037	120038

8	640	55	16	15	3	120033	120034	120035
8	640	71	16	15	3	120036	120037	120038



# MARIO
0	120	10

#COIN



#QuestionBrick
6	184	120	0
6	200	120	0
6	232	75	0
6	248	75	1
6	424	108	0

6	664	164	2
6	712	132	0

#Platform
5	8	195	16	15	39	91000	92000	93000
5	632	180	16	15	26	91000	92000	93000
5	632	196	16	15	26	94000	95000	96000

#Colorblock
7	248	137	16	15	3	101000	102000	103000
7	280	105	16	15	3	101000	102000	103000
7	408	153	16	15	5	101000	102000	103000
7	472	122	16	15	4	101000	102000	103000
7	520	90	16	15	4	101000	102000	103000
7	520	169	16	15	6	101000	102000	103000
#Goomba
2	350	10
#Portal 
50	200	160	216	180	1